PID X1:
P = 0.02881
I = 0.0001535
D = -0.2003
N = 0.04707

PID X2:
P = -0.003601
I = -1.9191e-05
D = 0.02504
N = 0.04707

PID X3:
P = 0.02881
I = 0.0001535
D = -0.2003
N = 0.04707
